SIZES
  nstack                1835008
  nbuffer               12592
  nplugin               0
  maxuse_stack          724
  maxuse_arena          6396
  maxuse_con            0
  maxuse_efc            1
  solver_iter           0
  solver_nnz            0
  nbodypair_broad       0
  nbodypair_narrow      0
  ngeompair_mid         0
  ngeompair_narrow      0
  ne                    0
  nf                    0
  nefc                  1
  nnzJ                  13
  ncon                  0

TIMER
    0:  duration =  0          number = 0
    1:  duration =  0.69       number = 2
    2:  duration =  0          number = 0
    3:  duration =  0.37       number = 2
    4:  duration =  0.16       number = 2
    5:  duration =  0          number = 0
    6:  duration =  0.013      number = 2
    7:  duration =  0.13       number = 2
    8:  duration =  0.25       number = 2
    9:  duration =  0.012      number = 2
    10:  duration =  0.043      number = 2
    11:  duration =  0.059      number = 2
    12:  duration =  0.0022     number = 2

ENERGY =   0         0       

TIME =  2.5e+02 

QPOS
   1       
   0       
   0.02    
   0       
   1.6     
   0       
   0.00023 
   0       
  -0.069   
   0       
  -0.6     
  -1       
   0       
  -0.03    
   0       

QVEL
   0       
  -0.0099  
   0       
   0.51    
   0       
   0.76    
   0       
  -1.4     
   0       
   0.058   
   0       
   1.3     
   0       

QACC_WARMSTART
   0       
  -1.2     
   0       
   1.5     
   0       
   0.47    
   0       
   0.49    
   0       
   1.7     
   0       
  -4.5     
   0       

QFRC_APPLIED
   0       
   0       
   0       
   0       
   0       
   0       
   0       
   0       
   0       
   0       
   0       
   0       
   0       

XFRC_APPLIED
   0         0         0         0         0         0       
   0         0         0         0         0         0       
   0         0         0         0         0         0       
   0         0         0         0         0         0       
   0         0         0         0         0         0       

QACC
   0       
  -1.2     
   0       
   1.5     
   0       
   0.47    
   0       
   0.49    
   0       
   1.7     
   0       
  -4.5     
   0       

XPOS
   0         0         0       
   0         0         1       
  -0.016     0         0.6     
  -0.029     0         0.3     
  -0.069     0        -0.6     

XQUAT
   1         0         0         0       
   1         0         0.02      0       
   0.69      0         0.72      0       
   0.69      0         0.72      0       
  -1         0        -0.03      0       

XMAT
   1         0         0         0         1         0         0         0         1       
   1         0         0.041     0         1         0        -0.041     0         1       
  -0.042     0         1         0         1         0        -1         0        -0.042   
  -0.042     0         1         0         1         0        -1         0        -0.042   
   1         0         0.061    -0         1         0        -0.061    -0         1       

XIPOS
   0         0         0       
  -0.0082    0         0.8     
  -0.023     0         0.45    
  -0.033     0         0.2     
  -0.069     0        -0.6     

XIMAT
   1         0         0         0         1         0         0         0         1       
   1         0         0.041     0         1         0        -0.041     0         1       
   1         0         0.042     0         1         0        -0.042     0         1       
  -0.042     0         1         0         1         0        -1         0        -0.042   
   1         0         0.061    -0         1         0        -0.061    -0         1       

XANCHOR
   0         0         1       
  -0.016     0         0.6     
  -0.016     0         0.6     
  -0.029     0         0.3     
  -0.029     0         0.3     
  -0.069     0        -0.6     

XAXIS
   0         0         1       
   0         1         0       
  -0.042     0        -1       
   0         1         0       
   1         0        -0.042   
   0         0         1       

GEOM_XPOS
  -0.0082    0         0.8     
  -0.023     0         0.45    
  -0.033     0         0.2     
  -0.069     0        -0.6     

GEOM_XMAT
   1         0         0.041     0         1         0        -0.041     0         1       
   1         0         0.042     0         1         0        -0.042     0         1       
  -0.042     0         1         0         1         0        -1         0        -0.042   
   1         0         0.061    -0         1         0        -0.061    -0         1       

SITE_XPOS
  -0.037     0         0.1     
  -0.063     0        -0.5     

SITE_XMAT
  -0.042     0         1         0         1         0        -1         0        -0.042   
   1         0         0.061    -0         1         0        -0.061    -0         1       

LIGHT_XPOS
   0         1         1       

LIGHT_XDIR
   0        -0.71     -0.71    

SUBTREE_COM
  -0.029     0         0.31    
  -0.014     0         0.67    
  -0.025     0         0.38    
  -0.033     0         0.2     
  -0.069     0        -0.6     

CDOF
   1         0        -0.041     0         0.33      0       
   0         1         0        -0.33      0         0.014   
   0.041     0         1        -0        -6.6e-05   0       
   0         1         0         0.07      0        -0.0028  
  -0.042     0        -1         0         0.00013  -0       
   0         1         0         0.37      0        -0.015   
   1         0        -0.042     0        -0.37      0       
   0         0         0         1         0         0       
   0         0         0         0         1         0       
   0         0         0         0         0         1       
   1        -0        -0.061     0        -0         0       
   0         1        -0         0        -0         0       
   0.061     0         1         0         0         0       

CINERT
   0         0         0         0         0         0         0         0         0         0       
   0.2       0.2       0.0098    0        -0.0079    0         0.029     0         0.71      5.4     
   0.11      0.11      0.0016    0        -0.0043    0        -0.016     0        -0.39      1.8     
   0.15      0.15      0.0012    0        -0.0062    0        -0.013     0        -0.31      0.67    
   0.014     0.014     0.0076    0        -0.00039   0         0         0         0         3.1     

TEN_LENGTH
   0.6     

TEN_MOMENT
   0        -0.0014    0        -0.00053   0        -0.00018   0        -0.043     0        -1         0         0.0018    0       

TENDON 0: 2 wrap points
    -1:   -0.037     0         0.1     
    -1:   -0.063     0        -0.5     

CRB
   0         0         0         0         0         0         0         0         0         0       
   0.46      0.46      0.012     0        -0.018     0        -3.5e-18   0        -2.2e-16   7.9     
   0.26      0.25      0.0027    0        -0.01      0        -0.029     0        -0.71      2.4     
   0.15      0.15      0.0012    0        -0.0062    0        -0.013     0        -0.31      0.67    
   0.014     0.014     0.0076    0        -0.00039   0         0         0         0         3.1     

QM
   1.3       0        -0.00037   0         1.1e-05   0         0.056     0         0         0         0         0         0       
   0         1.3       0         0.38      0         0.055     0         0         0         0         0         0         0       
  -0.00037   0         0.012     0        -0.0023    0        -2.9e-05   0         0         0         0         0         0       
   0         0.38      0         0.17      0         0.028     0         0         0         0         0         0         0       
   1.1e-05   0        -0.0023    0         0.0023    0         2.1e-06   0         0         0         0         0         0       
   0         0.055     0         0.028     0         0.0081    0         0         0         0         0         0         0       
   0.056     0        -2.9e-05   0         2.1e-06   0         0.0089    0         0         0         0         0         0       
   0         0         0         0         0         0         0         3.1       0         0         0         0         0       
   0         0         0         0         0         0         0         0         3.1       0         0         0         0       
   0         0         0         0         0         0         0         0         0         3.1       0         0         0       
   0         0         0         0         0         0         0         0         0         0         0.014     0         0       
   0         0         0         0         0         0         0         0         0         0         0         0.014     0       
   0         0         0         0         0         0         0         0         0         0         0         0         0.0075  

QLD
   0.96      0        -0.02      0        -0.001     0         6.3       0         0         0         0         0         0       
   0         0.42      0         2.7       0         6.8       0         0         0         0         0         0         0       
  -0.02      0         0.0094    0        -1         0        -0.0033    0         0         0         0         0         0       
   0         2.7       0         0.07      0         3.5       0         0         0         0         0         0         0       
  -0.001     0        -1         0         0.0023    0         0.00023   0         0         0         0         0         0       
   0         6.8       0         3.5       0         0.0081    0         0         0         0         0         0         0       
   6.3       0        -0.0033    0         0.00023   0         0.0089    0         0         0         0         0         0       
   0         0         0         0         0         0         0         3.1       0         0         0         0         0       
   0         0         0         0         0         0         0         0         3.1       0         0         0         0       
   0         0         0         0         0         0         0         0         0         3.1       0         0         0       
   0         0         0         0         0         0         0         0         0         0         0.014     0         0       
   0         0         0         0         0         0         0         0         0         0         0         0.014     0       
   0         0         0         0         0         0         0         0         0         0         0         0         0.0075  

QLDIAGINV
   1       
   2.4     
   1.1e+02 
   14      
   4.4e+02 
   1.2e+02 
   1.1e+02 
   0.32    
   0.32    
   0.32    
   71      
   71      
   1.3e+02 

QLDIAGSQRTINV
   1       
   1.5     
   10      
   3.8     
   21      
   11      
   11      
   0.57    
   0.57    
   0.57    
   8.4     
   8.4     
   12      

D_rownnz              7 7 7 7 7 7 7 6 6 6 6 6 6

D_rowadr              0 7 14 21 28 35 42 49 55 61 67 73 79

D_colind              0 1 2 3 4 5 6 0 1 2 3 4 5 6 0 1 2 3 4 5 6 0 1 2 3 4 5 6 0 1 2 3 4 5 6 0 1 2 3 4 5 6 0 1 2 3 4 5 6 7 8 9 10 11 12 7 8 9 10 11 12 7 8 9 10 11 12 7 8 9 10 11 12 7 8 9 10 11 12 7 8 9 10 11 12

B_rownnz              13 7 7 7 6

B_rowadr              0 13 20 27 34

B_colind              0 1 2 3 4 5 6 7 8 9 10 11 12 0 1 2 3 4 5 6 0 1 2 3 4 5 6 0 1 2 3 4 5 6 7 8 9 10 11 12

QDERIV
   0         0         0         0         0         0         0         0         0         0         0         0         0       
   0         0         0         0         0         0         0         0         0         0         0         0         0       
   0         0         0         0         0         0         0         0         0         0         0         0         0       
   0         0         0         0         0         0         0         0         0         0         0         0         0       
   0         0         0         0         0         0         0         0         0         0         0         0         0       
   0         0         0         0         0         0         0         0         0         0         0         0         0       
   0         0         0         0         0         0         0         0         0         0         0         0         0       
   0         0         0         0         0         0         0         0         0         0         0         0         0       
   0         0         0         0         0         0         0         0         0         0         0         0         0       
   0         0         0         0         0         0         0         0         0         0         0         0         0       
   0         0         0         0         0         0         0         0         0         0         0         0         0       
   0         0         0         0         0         0         0         0         0         0         0         0         0       
   0         0         0         0         0         0         0         0         0         0         0         0         0       

QLU
   0         0         0         0         0         0         0         0         0         0         0         0         0       
   0         0         0         0         0         0         0         0         0         0         0         0         0       
   0         0         0         0         0         0         0         0         0         0         0         0         0       
   0         0         0         0         0         0         0         0         0         0         0         0         0       
   0         0         0         0         0         0         0         0         0         0         0         0         0       
   0         0         0         0         0         0         0         0         0         0         0         0         0       
   0         0         0         0         0         0         0         0         0         0         0         0         0       
   0         0         0         0         0         0         0         0         0         0         0         0         0       
   0         0         0         0         0         0         0         0         0         0         0         0         0       
   0         0         0         0         0         0         0         0         0         0         0         0         0       
   0         0         0         0         0         0         0         0         0         0         0         0         0       
   0         0         0         0         0         0         0         0         0         0         0         0         0       
   0         0         0         0         0         0         0         0         0         0         0         0         0       

CONTACT
EFC_TYPE
  4

EFC_ID
  0

EFC_J
  -0         0.0014   -0         0.00053  -0         0.00018  -0         0.043    -0         1        -0        -0.0018   -0       

EFC_POS
  -0.0041  

EFC_MARGIN
   0       

EFC_FRICTIONLOSS
   0       

EFC_DIAGAPPROX
   4.9     

EFC_KBIP
   2.8e+03   1.1e+02   0.95      0       

EFC_D
   3.9     

EFC_R
   0.26    

TEN_VELOCITY
   0.0022  

CVEL
   0         0         0         0         0         0       
   0        -0.0099    0         0.0033    0        -0.00013 
   0         0.5       0         0.039     0        -0.0015  
   0         1.3       0         0.32      0        -0.013   
   0         1.3       0        -1.4       0         0.058   

CDOF_DOT
  -0         0         0         0         0         0       
   0         0         0         0         0         0       
   0         0         0         0         0         0       
  -0         0         0         0.00016   0         0.004   
  -0.5       0         0.021     0         0.039     0       
   0         0         0        -0.0061    0        -0.14    
  -0.053     0        -1.3       0         0.00024   0       
   0         0         0         0         0         0       
   0         0         0         0         0         0       
   0         0         0         0         0         0       
   0         0        -0         0        -0.024     0       
  -0         0         0        -0.058     0        -1.4     
   0         0         0         0         1.4       0       

QFRC_BIAS
   0       
   1       
   0       
   0.22    
   0       
   0.028   
   0       
  -2.8e-17 
   0       
   30      
   0       
   2.8e-17 
   0       

QFRC_PASSIVE
   0       
   0       
   0       
   0       
   0       
   0       
   0       
   0       
   0       
   0       
   0       
   0       
   0       

EFC_VEL
  -0.0022  

EFC_AREF
   11      

SUBTREE_LINVEL
   0         0         0       
   0         0         0       
   0         0         0       
   0         0         0       
   0         0         0       

SUBTREE_ANGMOM
   0         0         0       
   0         0         0       
   0         0         0       
   0         0         0       
   0         0         0       

QFRC_ACTUATOR
   0       
   0       
   0       
   0       
   0       
   0       
   0       
   0       
   0       
   0       
   0       
   0       
   0       

QFRC_SMOOTH
   0       
  -1       
   0       
  -0.22    
   0       
  -0.028   
   0       
   2.8e-17 
   0       
  -30      
   0       
  -2.8e-17 
   0       

QACC_SMOOTH
   0       
  -1.2     
   0       
   1.6     
   0       
  -0.62    
   0       
   9e-18   
   0       
  -9.8     
   0       
  -2e-15   
   0       

EFC_B
  -21      

EFC_FORCE
   35      

EFC_STATE
  1

QFRC_CONSTRAINT
   0       
   0.048   
   0       
   0.019   
   0       
   0.0065  
   0       
   1.5     
   0       
   35      
   0       
  -0.063   
   0       

QFRC_INVERSE
   0       
   0       
   0       
   0       
   0       
   0       
   0       
   0       
   0       
   0       
   0       
   0       
   0       

CACC
   0         0         0         0         0         0       
   0         0         0         0         0         0       
   0         0         0         0         0         0       
   0         0         0         0         0         0       
   0         0         0         0         0         0       

CFRC_INT
   0         0         0         0         0         0       
   0         0         0         0         0         0       
   0         0         0         0         0         0       
   0         0         0         0         0         0       
   0         0         0         0         0         0       

CFRC_EXT
   0         0         0         0         0         0       
   0         0         0         0         0         0       
   0         0         0         0         0         0       
   0         0         0         0         0         0       
   0         0         0         0         0         0       

